Binary Results:
1010010
1100100
1011101
1000001
111010
110011
1000011
1001011
1010
1011101
11101
1010110
1100100
10101
101000
1011010
1
1100100
0
1001010
1001000
1101
100101
1000010
11101
10110
111101
100110
1000011
1001010
1011001
1001101
1010101
1011101
110110
101011
1001011
100100
1010101
1000
1010110
1
1010000
10001
1011110
111
1011110
1011111
1011010
1001010
110000
101001
1010101
100011
1
1101
101000
110100
1011111
11001
110110
110111
110110
1000110
111101
10110
1001100
1010101
110100
1010111
110110
1001110
101101
111110
111001
1010101
10001
110100
100001
111001
10111
1010000
1000110
111010
1001011
11000
10111
100000
1011111
1001011
1010110
101111
110000
1011000
1001110
1001010
110011
1000111
110000
1001011
10
11011
1010001
1100000
110010
1001101
1001011
1010000
1000
110
100001
0
1000101
1001101
111100
1010111
1010100
1000111
110011
110100
1001
100101
111101
100100
111101
1001010
101010
101
1001010
111000
1011111
1011100
1011001
1010100
1001110
1000
101000
1010100
10000
11
11101
1011010
1001101
101001
1000001
110110
1011000
110001
1011011
110111
100010
101101
111101
100111
111100
1001100
1000
10101
100
1011011
1010010
10111
1010
1111
1010110
10001
1010011
1010100
1100011
1010101
111110
1000100
110
1100000
101
1010100
101
101
100001
101000
101010
110
1110
1
1000101
11101
101011
111010
1100
0
110001
10000
100101
110001
110100
111110
110010
110101
1011100
100111

Hexadecimal Results:
52
64
5d
41
3a
33
43
4b
a
5d
1d
56
64
15
28
5a
1
64
0
4a
48
d
25
42
1d
16
3d
26
43
4a
59
4d
55
5d
36
2b
4b
24
55
8
56
1
50
11
5e
7
5e
5f
5a
4a
30
29
55
23
1
d
28
34
5f
19
36
37
36
46
3d
16
4c
55
34
57
36
4e
2d
3e
39
55
11
34
21
39
17
50
46
3a
4b
18
17
20
5f
4b
56
2f
30
58
4e
4a
33
47
30
4b
2
1b
51
60
32
4d
4b
50
8
6
21
0
45
4d
3c
57
54
47
33
34
9
25
3d
24
3d
4a
2a
5
4a
38
5f
5c
59
54
4e
8
28
54
10
3
1d
5a
4d
29
41
36
58
31
5b
37
22
2d
3d
27
3c
4c
8
15
4
5b
52
17
a
f
56
11
53
54
63
55
3e
44
6
60
5
54
5
5
21
28
2a
6
e
1
45
1d
2b
3a
c
0
31
10
25
31
34
3e
32
35
5c
27

Execution time: 0.0000 seconds
